17,64
17,135
17,134
17,133
17,132
17,131
17,130
17,129
17,128
17,127
17,126
17,125
17,124
17,123
17,122
17,121
17,120
17,119
17,118
17,117
17,116
17,115
17,114
17,113
17,112
17,111
17,110
17,109
17,108
17,107
17,106
17,105
17,104
17,103
17,102
17,101
17,100
17,99
17,98
17,96
17,95
17,94
17,93
17,92
17,91
17,90
17,89
17,88
17,87
17,86
17,85
17,84
17,83
17,82
17,81
17,80
17,79
17,78
17,77
17,76
17,75
17,74
17,73
17,72
17,71
17,70
17,69
17,68
17,67
19,5
19,4
19,3
19,2
19,1
19,0
18,324
18,323
18,322
18,321
18,320
18,245
18,244
18,243
18,242
18,241
18,240
18,239
18,238
18,237
18,236
18,233
18,232
18,230
18,229
18,228
18,227
18,225
18,224
18,223
18,222
18,221
18,220
18,219
18,218
18,217
18,216
18,215
18,214
18,213
18,212
18,211
18,210
18,209
18,208
18,207
18,206
18,205
18,204
18,203
18,202
18,201
18,200
18,199
18,198
18,197
18,196
18,195
18,194
18,193
18,192
18,127
18,126
18,125
18,124
18,123
18,122
18,121
18,120
18,119
18,118
18,117
18,116
18,115
18,114
18,113
18,112
18,111
18,110
18,109
18,108
18,107
18,106
18,105
18,104
18,103
18,102
18,101
18,100
18,99
18,98
18,97
18,96
18,95
18,94
18,93
18,92
18,91
18,90
18,89
18,88
18,87
18,86
18,85
18,84
18,83
18,82
18,81
18,80
18,79
18,78
18,77
18,76
18,75
18,74
18,73
18,72
18,71
18,70
18,69
18,68
18,67
18,66
18,65
18,64
18,63
18,62
18,61
18,60
18,59
18,58
18,57
18,56
18,53
18,52
18,51
18,49
18,46
18,45
18,42
18,39
18,34
18,30
18,24
18,20
18,19
18,18
18,17
18,15
18,14
18,5
18,4
18,3
18,2
18,1
18,0
17,140
17,97
17,65
17,10
17,8
17,7
17,5
17,4
17,3
17,2
17,1
17,0
16,4
16,3
16,2
16,1
16,0
15,8
15,7
15,6
15,5
15,4
15,3
15,2
15,1
15,0
14,5
14,4
14,3
14,2
14,1
14,0
13,4
13,3
13,2
13,1
13,0
12,5
12,4
12,3
12,2
12,1
12,0
11,5
11,4
11,3
11,2
11,1
11,0
10,5
10,4
10,3
10,2
10,1
10,0
9,5
9,4
9,3
9,2
9,1
9,0
8,6
8,5
8,4
8,3
8,2
8,1
8,0
7,3
5,6
5,5
5,4
5,3
5,2
5,0
4,3
3,2
3,0
2,2
2,0
1,2
1,0
0,9
19,6
19,7
19,18
19,24
19,44
19,45
19,47
19,49
19,50
19,64
19,65
19,67
19,69
19,70
19,72
19,73
19,75
19,76
19,89
19,91
19,94
19,96
19,97
19,100
19,103
19,104
19,106
19,107
19,112
19,113
19,129
19,131
19,132
19,134
19,135
19,137
19,139
19,140
19,142
19,143
19,145
19,146
19,148
19,150
19,151
19,153
19,154
19,156
19,158
19,159
19,161
19,162
19,164
19,166
19,167
19,179
19,180
19,182
19,183
19,185
19,187
19,188
19,190
19,191
19,289
19,291
19,292
19,294
19,295
19,297
20,0
20,2
21,0
21,1
21,3
21,4
22,1
22,3
22,4
23,1
23,2
23,4
24,0
24,2
25,0
25,1
25,3
26,0
26,2
27,0
27,1
27,3
27,4
28,1
28,3
29,0
29,2
29,3
30,1
30,2
31,0
31,2
31,3
32,1
32,2
33,0
33,2
33,3
34,1
34,2
35,0
35,1
35,3
36,0
36,1
36,3
37,0
37,2
38,0
38,1
38,3
38,4
39,1
39,2
39,4
39,5
39,3
39,0
38,2
37,3
37,1
36,2
35,4
35,2
34,3
34,0
33,1
32,3
32,0
31,1
30,3
30,0
29,1
28,2
28,0
27,2
26,3
26,1
25,2
24,3
24,1
23,3
23,0
22,2
22,0
21,2
20,3
20,1
19,296
19,293
19,290
19,288
19,189
19,186
19,184
19,181
19,178
19,165
19,163
19,160
19,157
19,155
19,152
19,149
19,147
19,144
19,141
19,138
19,136
19,133
19,130
19,128
19,111
19,105
19,101
19,98
19,95
19,90
19,88
19,74
19,71
19,68
19,66
19,52
19,48
19,46
19,41
19,12
1,45
3,44
2,44
1,44
3,43
2,43
1,43
3,42
2,42
1,42
3,41
2,41
1,41
3,40
2,40
1,40
3,39
2,39
1,39
3,38
2,38
1,38
3,37
2,37
1,37
3,36
2,36
1,36
3,35
2,35
1,35
3,34
2,34
1,34
3,33
2,33
1,33
3,32
2,32
1,32
3,31
2,31
1,31
3,30
2,30
1,30
3,29
2,29
1,29
3,28
2,28
1,28
3,27
2,27
1,27
3,26
2,26
1,26
3,25
2,25
1,25
3,24
2,24
1,24
3,23
2,23
1,23
3,22
2,22
1,22
3,21
2,21
1,21
3,20
2,20
1,20
3,19
2,19
1,19
3,18
2,18
1,18
3,17
2,17
1,17
3,16
2,16
1,16
3,15
2,15
1,15
3,14
2,14
1,14
3,13
2,13
1,13
3,12
2,12
1,12
3,11
2,11
1,11
3,10
2,10
1,10
3,9
2,9
1,9
3,8
2,8
1,8
3,7
2,7
1,7
3,6
2,6
1,6
3,5
2,5
1,5
3,4
2,4
1,4
3,3
2,3
1,3
0,6
0,47
0,46
0,49
0,48
0,45
0,12
0,10
0,8
0,11
0,5
0,7
0,4
0,3
